236,11
236,10
236,9
244,5
244,4
244,3
244,2
244,1
244,0
243,4
243,3
243,2
243,1
243,0
242,3
242,2
242,1
242,0
241,5
241,4
241,3
241,2
241,1
241,0
240,4
240,3
240,2
240,1
240,0
239,3
239,2
239,1
239,0
238,5
238,4
238,3
238,2
238,1
238,0
237,5
237,4
237,3
237,2
237,1
237,0
236,8
236,7
236,6
236,5
236,4
236,3
236,2
236,1
236,0
235,3
235,2
235,1
235,0
234,4
234,3
234,2
234,1
234,0
233,4
233,3
233,2
233,1
233,0
232,3
232,2
232,1
232,0
231,4
231,3
231,2
231,1
231,0
230,3
230,2
230,1
230,0
229,4
229,3
229,2
229,1
229,0
228,3
228,2
228,1
228,0
227,4
227,3
227,2
227,1
227,0
226,5
226,4
226,3
226,2
226,1
226,0
225,3
225,2
225,1
225,0
224,4
224,3
224,2
224,1
224,0
223,3
223,2
223,1
223,0
222,3
222,2
222,1
222,0
221,3
221,2
221,1
221,0
212,12
212,11
212,10
212,9
220,5
220,4
220,3
220,2
220,1
220,0
219,4
219,3
219,2
219,1
219,0
218,3
218,2
218,1
218,0
217,5
217,4
217,3
217,2
217,1
217,0
216,4
216,3
216,2
216,1
216,0
215,3
215,2
215,1
215,0
214,5
214,4
214,3
214,2
214,1
214,0
213,5
213,4
213,3
213,2
213,1
213,0
212,8
212,7
212,6
212,5
212,4
212,3
212,2
212,1
212,0
211,3
211,2
211,1
211,0
210,4
210,3
210,2
210,1
210,0
209,4
209,3
209,2
209,1
209,0
208,3
208,2
208,1
208,0
207,4
207,3
207,2
207,1
207,0
206,3
206,2
206,1
206,0
205,4
0,447
205,3
205,2
205,1
205,0
204,3
204,2
204,1
204,0
203,4
203,3
203,2
203,1
203,0
202,5
202,4
202,3
202,2
202,1
202,0
201,3
201,2
201,1
201,0
200,4
200,3
200,2
200,1
200,0
199,3
199,2
199,1
199,0
198,3
198,2
198,1
198,0
197,3
197,2
197,1
197,0
0,446
196,5
196,4
196,3
196,2
196,1
196,0
195,4
195,3
195,2
195,1
195,0
194,3
194,2
194,1
194,0
193,5
193,4
193,3
193,2
193,1
193,0
192,4
192,3
192,2
192,1
192,0
191,3
191,2
191,1
191,0
190,5
190,4
190,3
190,2
190,1
190,0
189,5
189,4
189,3
189,2
189,1
189,0
0,445
188,8
0,444
188,7
0,443
0,442
188,6
188,5
188,4
188,3
188,2
188,1
188,0
187,3
187,2
187,1
187,0
186,4
186,3
186,2
186,1
186,0
185,4
185,3
185,2
185,1
185,0
184,3
184,2
184,1
184,0
183,4
183,3
183,2
183,1
183,0
182,3
182,2
182,1
182,0
181,4
181,3
181,2
181,1
181,0
180,3
180,2
180,1
180,0
179,4
179,3
179,2
179,1
179,0
178,5
178,4
178,3
178,2
178,1
178,0
177,3
177,2
177,1
177,0
176,4
176,3
176,2
176,1
176,0
175,3
175,2
175,1
175,0
174,3
174,2
174,1
174,0
173,3
173,2
173,1
173,0
164,10
164,9
172,5
172,4
172,3
172,2
172,1
172,0
171,4
171,3
171,2
171,1
171,0
170,3
170,2
170,1
170,0
169,5
169,4
169,3
169,2
169,1
169,0
168,4
168,3
168,2
168,1
168,0
0,441
0,440
167,3
167,2
167,1
167,0
166,5
166,4
166,3
166,2
166,1
166,0
165,5
165,4
165,3
165,2
165,1
165,0
164,8
164,7
164,6
164,5
164,4
164,3
164,2
164,1
164,0
163,3
163,2
163,1
163,0
162,4
162,3
162,2
162,1
162,0
161,4
161,3
161,2
161,1
161,0
160,3
160,2
160,1
160,0
159,4
159,3
159,2
159,1
159,0
158,3
158,2
158,1
158,0
157,4
157,3
157,2
157,1
157,0
156,3
156,2
156,1
156,0
155,4
155,3
155,2
155,1
155,0
154,5
154,4
154,3
154,2
154,1
154,0
153,3
153,2
153,1
153,0
152,4
152,3
152,2
152,1
152,0
151,3
151,2
151,1
151,0
150,3
150,2
150,1
150,0
149,3
149,2
149,1
149,0
0,439
148,5
148,4
148,3
148,2
148,1
148,0
147,4
147,3
147,2
147,1
147,0
146,3
146,2
146,1
146,0
145,5
145,4
145,3
145,2
145,1
145,0
144,4
144,3
144,2
144,1
144,0
143,3
143,2
143,1
143,0
142,5
142,4
142,3
142,2
142,1
142,0
141,5
141,4
141,3
141,2
141,1
141,0
140,8
140,7
140,6
140,5
140,4
140,3
140,2
140,1
140,0
139,3
139,2
139,1
139,0
138,4
138,3
138,2
138,1
138,0
137,4
137,3
137,2
137,1
137,0
136,3
136,2
136,1
136,0
135,4
135,3
135,2
135,1
135,0
134,3
134,2
134,1
134,0
133,4
133,3
133,2
133,1
133,0
132,3
132,2
132,1
132,0
131,4
131,3
131,2
131,1
131,0
130,5
130,4
130,3
130,2
130,1
130,0
129,3
129,2
129,1
129,0
128,4
128,3
128,2
128,1
128,0
0,438
127,3
127,2
127,1
127,0
126,3
126,2
126,1
126,0
125,3
125,2
125,1
125,0
124,5
124,4
124,3
124,2
124,1
124,0
123,4
123,3
123,2
123,1
123,0
122,3
122,2
122,1
122,0
121,5
121,4
121,3
121,2
121,1
121,0
120,4
120,3
120,2
120,1
120,0
119,3
119,2
119,1
119,0
118,5
118,4
118,3
118,2
118,1
118,0
117,5
117,4
117,3
117,2
117,1
117,0
116,8
116,7
116,6
116,5
116,4
116,3
116,2
116,1
116,0
115,3
115,2
115,1
115,0
114,4
114,3
114,2
114,1
114,0
113,4
113,3
113,2
113,1
113,0
112,3
112,2
112,1
112,0
111,4
111,3
111,2
111,1
111,0
110,3
110,2
110,1
110,0
109,4
109,3
109,2
109,1
109,0
108,3
108,2
108,1
108,0
107,4
107,3
107,2
107,1
107,0
106,5
106,4
106,3
106,2
106,1
106,0
105,3
105,2
105,1
105,0
0,437
0,436
104,4
104,3
104,2
104,1
104,0
103,3
103,2
103,1
103,0
102,3
102,2
102,1
102,0
101,3
101,2
101,1
101,0
97,13
97,12
100,3
100,2
100,1
100,0
99,5
99,4
99,3
99,2
99,1
99,0
97,11
97,10
97,9
97,8
97,7
97,6
97,5
97,4
97,3
97,2
97,1
97,0
96,5
96,4
96,3
96,2
96,1
96,0
93,5
93,4
93,3
93,2
93,1
93,0
92,4
92,3
92,2
92,1
92,0
91,3
91,2
91,1
91,0
90,4
90,3
90,2
90,1
90,0
89,4
89,3
89,2
89,1
89,0
87,4
87,3
87,2
87,1
87,0
85,4
85,3
85,2
85,1
85,0
83,4
83,3
83,2
83,1
83,0
82,5
82,4
82,3
82,2
82,1
82,0
80,4
80,3
80,2
80,1
80,0
78,3
78,2
78,1
78,0
77,3
77,2
77,1
77,0
4,3
2,3
2,2
2,1
2,0
1,3
0,410
0,324
0,243
0,9
0,0
0,1
0,412
0,300
0,398
0,299
0,397
0,298
0,396
0,297
0,395
0,296
0,394
0,295
0,294
0,393
0,293
0,392
0,292
0,391
0,291
0,390
0,290
0,389
0,289
0,388
0,288
0,387
0,287
0,286
0,385
0,285
0,384
0,284
0,383
0,283
0,382
0,282
0,381
0,281
0,280
0,379
0,279
0,378
0,278
0,377
0,277
0,411
0,276
0,409
0,275
0,408
0,274
0,429
0,273
0,407
0,272
0,406
0,271
0,434
0,270
0,405
0,269
0,404
0,268
0,376
0,267
0,266
0,374
0,265
0,428
0,264
0,373
0,263
0,433
0,262
0,372
0,261
0,371
0,260
0,427
0,259
0,370
0,258
0,432
0,257
0,369
0,256
0,368
0,255
0,367
0,254
0,366
0,253
0,365
0,252
0,426
0,251
0,250
0,431
0,249
0,363
0,248
0,362
0,247
0,361
0,246
0,360
0,245
0,359
0,244
0,358
0,242
0,357
0,241
0,356
0,240
0,425
0,239
0,355
0,238
0,424
0,237
0,236
0,353
0,235
0,234
0,351
0,233
0,350
0,232
0,423
0,231
0,230
0,422
0,229
0,228
0,347
0,227
0,226
0,346
0,225
0,420
0,224
0,345
0,223
0,222
0,221
0,342
0,220
0,341
0,219
0,419
0,218
0,340
0,217
0,418
0,216
0,339
0,215
0,338
0,214
0,417
0,213
0,337
0,212
0,430
0,211
0,336
0,210
0,335
0,209
0,334
0,208
0,333
0,207
0,332
0,206
0,416
0,205
0,331
0,204
0,415
0,203
0,202
0,329
0,201
0,414
0,200
0,328
0,199
0,413
0,198
0,327
0,197
0,326
0,196
0,325
0,195
0,323
0,194
0,322
0,193
0,321
0,192
0,403
0,63
0,320
0,62
0,402
0,61
0,319
0,60
0,318
0,59
0,317
0,58
0,57
0,56
0,401
0,55
0,314
0,54
0,400
0,53
0,52
0,312
0,51
0,399
0,50
0,311
0,49
0,48
0,47
0,308
0,46
0,307
0,45
0,301
0,6
0,5
0,304
0,303
0,306
0,305
0,302
0,12
0,10
0,8
0,11
0,4
0,2
0,3
0,7
